["10", 1, [[5, 1]]]
["13", 1, [[13, 2]]]
["14", 1, [[13, 2]]]
["15", 1, [[13, 1]]]
["2", 1, [[6, 1]]]
["a", 2, [[8, 1], [19, 1]]]
["about", 1, [[15, 1]]]
["always", 1, [[16, 1]]]
["alyewminnwheatthin", 1, [[4, 1]]]
["an", 2, [[2, 1], [6, 1]]]
["and", 4, [[6, 1], [16, 1], [17, 1], [19, 2]]]
["are", 1, [[5, 1]]]
["ascend", 1, [[12, 1]]]
["at", 1, [[19, 1]]]
["babe", 1, [[6, 1]]]
["back", 1, [[6, 1]]]
["barrel", 1, [[8, 2]]]
["be", 1, [[19, 1]]]
["bedroom", 1, [[18, 1]]]
["been", 1, [[8, 1]]]
["behind", 1, [[19, 1]]]
["bein", 1, [[13, 1]]]
["best", 1, [[5, 1]]]
["between", 1, [[15, 1]]]
["big", 1, [[19, 1]]]
["bitchh", 1, [[15, 1]]]
["body", 1, [[16, 2]]]
["brought", 1, [[11, 1]]]
["bruh", 1, [[19, 1]]]
["can", 1, [[16, 1]]]
["cassidy", 1, [[10, 1]]]
["comeback", 1, [[13, 1]]]
["common", 1, [[8, 1]]]
["cost", 1, [[5, 1]]]
["cute", 1, [[12, 1]]]
["design", 1, [[8, 1]]]
["dirty", 1, [[7, 1]]]
["does", 1, [[12, 1]]]
["for", 3, [[2, 1], [6, 1], [13, 1]]]
["forever", 1, [[6, 1]]]
["ft", 1, [[10, 1]]]
["get", 1, [[11, 1]]]
["god", 1, [[18, 1]]]
["goes", 1, [[16, 1]]]
["going", 2, [[6, 1], [18, 1]]]
["gun", 1, [[8, 1]]]
["happend", 1, [[15, 1]]]
["happened", 1, [[13, 1]]]
["happens", 1, [[17, 1]]]
["hardships", 1, [[16, 1]]]
["has", 1, [[8, 1]]]
["he", 1, [[19, 1]]]
["heavy", 1, [[14, 1]]]
["here", 1, [[11, 1]]]
["himself", 1, [[18, 1]]]
["his", 1, [[19, 2]]]
["holtz", 1, [[17, 1]]]
["hotel", 1, [[10, 1]]]
["hour", 1, [[6, 1]]]
["how", 1, [[17, 1]]]
["huh", 1, [[19, 1]]]
["hundred", 2, [[3, 1], [9, 1]]]
["i", 2, [[6, 1], [19, 1]]]
["idk", 1, [[13, 1]]]
["im", 2, [[6, 1], [20, 1]]]
["immature", 1, [[15, 1]]]
["in", 3, [[8, 1], [12, 1], [18, 1]]]
["indirect", 1, [[2, 1]]]
["is", 3, [[8, 1], [14, 1], [17, 1]]]
["it", 1, [[17, 1]]]
["its", 1, [[15, 1]]]
["james", 2, [[3, 1], [9, 1]]]
["kelly", 1, [[10, 1]]]
["kid", 1, [[19, 1]]]
["kill", 1, [[18, 1]]]
["kims", 1, [[18, 1]]]
["life", 1, [[17, 1]]]
["link", 2, [[3, 1], [9, 1]]]
["little", 1, [[19, 1]]]
["looked", 1, [[19, 1]]]
["lou", 1, [[17, 1]]]
["love", 1, [[6, 1]]]
["lowkey", 1, [[13, 1]]]
["machine", 1, [[8, 1]]]
["mama", 1, [[19, 1]]]
["mind", 1, [[16, 2]]]
["mm", 1, [[13, 1]]]
["more", 1, [[6, 1]]]
["must", 1, [[19, 1]]]
["my", 2, [[18, 1], [19, 1]]]
["ninety", 1, [[17, 1]]]
["not", 1, [[12, 1]]]
["odiyas", 1, [[5, 1]]]
["of", 3, [[6, 1], [11, 1], [16, 1]]]
["oh", 1, [[18, 1]]]
["oj", 1, [[18, 1]]]
["one", 3, [[3, 1], [9, 1], [12, 1]]]
["our", 1, [[16, 1]]]
["over", 2, [[11, 1], [19, 1]]]
["overcome", 1, [[16, 1]]]
["peace", 1, [[12, 1]]]
["percent", 1, [[17, 2]]]
["playing", 1, [[7, 1]]]
["power", 1, [[16, 1]]]
["r", 1, [[10, 1]]]
["ran", 1, [[19, 1]]]
["reid", 2, [[3, 1], [9, 1]]]
["respond", 1, [[17, 1]]]
["rid", 1, [[11, 1]]]
["rs", 1, [[5, 1]]]
["rumors", 1, [[15, 1]]]
["shit", 2, [[11, 1], [14, 1]]]
["shoes", 1, [[19, 1]]]
["simply", 1, [[19, 1]]]
["so", 1, [[13, 1]]]
["some", 1, [[14, 1]]]
["someone", 1, [[7, 1]]]
["son", 1, [[12, 1]]]
["spare", 1, [[8, 1]]]
["spirit", 1, [[16, 1]]]
["spread", 1, [[15, 1]]]
["sub", 1, [[5, 1]]]
["such", 1, [[12, 1]]]
["sunnies", 1, [[19, 1]]]
["support", 1, [[1, 1]]]
["syria", 1, [[8, 1]]]
["ten", 1, [[17, 1]]]
["that", 2, [[5, 1], [11, 1]]]
["the", 5, [[5, 1], [8, 1], [11, 1], [13, 1], [16, 3]]]
["then", 1, [[11, 1]]]
["they", 1, [[11, 1]]]
["thinking", 1, [[6, 1]]]
["this", 2, [[8, 1], [14, 1]]]
["those", 1, [[5, 1]]]
["three", 2, [[3, 1], [9, 1]]]
["through", 1, [[16, 1]]]
["to", 7, [[6, 1], [11, 1], [13, 1], [15, 1], [17, 2], [18, 1], [19, 1]]]
["too", 2, [[6, 1], [19, 1]]]
["tripped", 1, [[19, 1]]]
["tryna", 1, [[11, 1]]]
["us", 2, [[6, 1], [11, 2]]]
["vote", 2, [[3, 1], [9, 1]]]
["wack", 1, [[13, 1]]]
["was", 3, [[7, 1], [13, 2], [18, 1]]]
["we", 1, [[6, 1]]]
["what", 3, [[13, 1], [15, 1], [17, 1]]]
["where", 1, [[16, 1]]]
["with", 1, [[12, 1]]]
["wow", 1, [[7, 1]]]
["yallchildish", 1, [[15, 1]]]
["yea", 1, [[13, 1]]]
["you", 2, [[6, 1], [17, 2]]]
["zika", 1, [[11, 1]]]
["\ud83d\ude02\ud83d\ude2d", 1, [[13, 1]]]
["\ud83d\ude0abut\ud83d\ude0asome\ud83d\ude0apeople\ud83d\ude0aare", 1, [[20, 1]]]
["\ud83d\ude0ame\ud83d\ude0a", 1, [[20, 1]]]
["\ud83d\ude0aperson", 1, [[20, 1]]]
["\ud83d\ude0atesting", 1, [[20, 1]]]
["\ud83d\ude0atrying\ud83d\ude0ato\ud83d\ude0abe\ud83d\ude0aa\ud83d\ude0abetter", 1, [[20, 1]]]
